/* Modular Scale Double
----------------------
18px @ 1:1.618
15px @ 1:1.618
----------------------*/

Pixels       Ems       Ems @ 16  % of 13
1,139.980    63.332    71.249    8,769.077
845.479	     46.971    52.842    6,503.685
704.561      39.142    44.035    5,419.700
522.546      29.03     32.659    4,019.585
435.452      24.192    27.216    3,349.631
322.958      17.942    20.185    2,484.292
269.130      14.952    16.821    2,070.231
199.603      11.089    12.475    1,535.408
166.335      9.241     10.396    1,279.500
123.364      6.854     7.71      948.954
102.803      5.711     6.425     790.792
76.245       4.236     4.765     586.500
63.537       3.53      3.971     488.746
47.123       2.618     2.945     362.485
39.269       2.182     2.454     302.069
29.124       1.618     1.82      224.031
24.270       1.348     1.517     186.692
18.000       1         1.125     138.462
15.000       0.833     0.938     115.385
11.125       0.618     0.695     85.577
9.271        0.515     0.579     71.315
6.876        0.382     0.43      52.892
5.730        0.318     0.358     44.077
4.250        0.236     0.266     32.692
3.541        0.197     0.221     27.238
2.627        0.146     0.164     20.208
2.189        0.122     0.137     16.838
1.624        0.09      0.102     12.492
1.353        0.075     0.085     10.408
1.004        0.056     0.063     7.723

/* Modular Scale Single
----------------------
18px @ 1:1.618
----------------------*/

Pixels     Ems       Ems @ 16    % of 13
845.479    46.971    52.842      6,503.685
522.546    29.03     32.659      4,019.585
322.958    17.942    20.185      2,484.292
199.603    11.089    12.475      1,535.408
123.364    6.854     7.71        948.954
76.245     4.236     4.765       586.500
47.123     2.618     2.945       362.485
29.124     1.618     1.82        224.031
18         1         1.125       138.462
11.125     0.618     0.695       85.577
6.876      0.382     0.43        52.892
4.25       0.236     0.266       32.692
2.627      0.146     0.164       20.208
1.624      0.09      0.102       12.492
1.004      0.056     0.063       7.723